#moves
0
#active player
0
#board type
1
#pieces to place
9 9 9
#nodes count
36
#board config
0 -1 -1 1 12 11 -1 -1 -1 -1
1 -1 -1 2 -1 13 -1 0 -1 -1
2 -1 -1 3 -1 14 -1 1 -1 -1
3 -1 -1 -1 -1 4 15 2 -1 -1
4 3 -1 -1 -1 5 -1 16 -1 -1
5 4 -1 -1 -1 6 -1 17 -1 -1
6 5 -1 -1 -1 -1 -1 7 18 -1
7 19 -1 6 -1 -1 -1 8 -1 -1
8 20 -1 7 -1 -1 -1 9 -1 -1
9 10 21 8 -1 -1 -1 -1 -1 -1
10 11 -1 22 -1 9 -1 -1 -1 -1
11 0 -1 23 -1 10 -1 -1 -1 -1
12 -1 -1 13 24 23 -1 -1 0 -1
13 -1 -1 14 -1 25 24 12 -1 -1
14 -1 -1 15 27 26 -1 13 -1 -1
15 -1 3 -1 -1 16 27 14 -1 -1
16 15 -1 4 -1 17 -1 28 27 -1
17 16 -1 5 -1 18 30 29 -1 -1
18 17 -1 -1 6 -1 -1 19 30 -1
19 31 30 18 -1 7 -1 20 -1 -1
20 32 -1 19 -1 8 -1 21 33 -1
21 22 33 20 -1 -1 9 -1 -1 -1
22 23 -1 34 33 21 -1 10 -1 -1
23 12 24 35 -1 22 -1 11 -1 -1
24 -1 13 25 -1 35 23 -1 -1 -1
25 -1 -1 26 -1 -1 -1 24 -1 -1
26 -1 -1 27 -1 -1 -1 25 -1 -1
27 -1 15 -1 16 28 -1 26 14 -1
28 27 -1 16 -1 29 -1 -1 -1 -1
29 28 -1 17 -1 30 -1 -1 -1 -1
30 29 17 -1 18 -1 19 31 -1 -1
31 -1 -1 30 -1 19 -1 32 -1 -1
32 -1 -1 31 -1 20 -1 33 -1 -1
33 34 -1 32 20 -1 21 -1 22 -1
34 35 -1 -1 -1 33 -1 22 -1 -1
35 24 -1 -1 -1 34 -1 23 -1 -1