#moves count
0
#active player
0
#board type
0
#pieces to place
9 9 9
#nodes count
36
#board config
0 -1 1 11 -1 -1
1 -1 2 13 0 -1
2 -1 3 14 1 -1
3 -1 -1 4 2 -1
4 3 -1 5 16 -1
5 4 -1 6 17 -1
6 5 -1 -1 7 -1
7 19 6 -1 8 -1
8 20 7 -1 9 -1
9 10 8 -1 -1 -1
10 11 22 9 -1 -1
11 0 23 10 -1 -1
12 -1 13 23 -1 -1
13 -1 14 25 12 -1
14 -1 15 26 13 -1
15 -1 -1 16 14 -1
16 15 4 17 28 -1
17 16 5 18 29 -1
18 17 -1 -1 19 -1
19 31 18 7 20 -1
20 32 19 8 21 -1
21 22 20 -1 -1 -1
22 23 34 21 10 -1
23 12 35 22 11 -1
24 -1 25 35 -1 -1
25 -1 26 -1 24 -1
26 -1 27 -1 25 -1
27 -1 -1 28 26 -1
28 27 16 29 -1 -1
29 28 17 30 -1 -1
30 29 -1 -1 31 -1
31 -1 30 19 32 -1
32 -1 31 20 33 -1
33 34 32 -1 -1 -1
34 35 -1 33 22 -1
35 24 -1 34 23 -1